<?xml version="1.0" encoding="utf-8" ?>
<kml xmlns="http://www.opengis.net/kml/2.2">
<Document id="root_doc">
<Folder><name>GRUPO_ITALIA_TOTAL</name>
  <Placemark>
	<Style><LineStyle><color>ff0000ff</color></LineStyle><PolyStyle><fill>0</fill></PolyStyle></Style>
      <LineString><altitudeMode>clampToGround</altitudeMode><coordinates>-44.3319925,-7.43715333 -44.35226917,-7.42574889 -44.35587139,-7.42370889 -44.35715111,-7.42265556 -44.38045667,-7.39763944 -44.39113333,-7.38620694 -44.40419139,-7.39980889 -44.41170667,-7.40836306 -44.39851333,-7.41419667 -44.39741639,-7.41469639 -44.40188694,-7.41874222 -44.38352278,-7.44665 -44.38594083,-7.4571425 -44.39116972,-7.45725972 -44.39515778,-7.45826972 -44.40030556,-7.46195222 -44.40541472,-7.47290583 -44.41354944,-7.479735 -44.41254139,-7.4812569399999 -44.41221583,-7.48496972 -44.41364,-7.48543667 -44.40240889,-7.49406 -44.39066861,-7.482395 -44.385065,-7.4861325 -44.3994825,-7.49629028 -44.39425556,-7.50032028 -44.39407417,-7.5009975 -44.38189194,-7.5058358299999 -44.37165444,-7.48858667 -44.3702975,-7.48833361 -44.37009778,-7.49168389 -44.36908639,-7.49575972 -44.36629833,-7.49889306 -44.36335333,-7.50006389 -44.35613556,-7.50124306 -44.35131722,-7.50149278 -44.34588167,-7.50087667 -44.34455056,-7.5012430599999 -44.33510583,-7.49966778 -44.30644278,-7.45151722 -44.3319925,-7.43715333</coordinates></LineString>
  </Placemark>
  <Placemark>
	<Style><LineStyle><color>ff0000ff</color></LineStyle><PolyStyle><fill>0</fill></PolyStyle></Style>
      <LineString><altitudeMode>clampToGround</altitudeMode><coordinates>-44.29664639,-7.42469 -44.29477083,-7.42137167 -44.29539778,-7.41846389 -44.29715056,-7.41927306 -44.30208361,-7.41432111 -44.30746083,-7.41116556 -44.30495306,-7.39983167 -44.30246972,-7.39681972 -44.3045475,-7.39390056 -44.30724528,-7.39020694 -44.32493944,-7.3659769399999 -44.33106222,-7.36779083 -44.34182778,-7.37091389 -44.34402528,-7.37074944 -44.34729056,-7.37451806 -44.34712556,-7.37640028 -44.3434275,-7.38320167 -44.34225528,-7.38525444 -44.34103639,-7.39058528 -44.34188583,-7.39252806 -44.34798694,-7.39554444 -44.35321806,-7.39251361 -44.36631611,-7.38492472 -44.37818222,-7.37340472 -44.39093833,-7.38601444 -44.35696417,-7.4224680599999 -44.35628472,-7.42309111 -44.35573222,-7.42347694 -44.34323694,-7.43051833 -44.33519694,-7.43504833 -44.30998306,-7.44921778 -44.3021225,-7.45363389 -44.29831917,-7.4558 -44.29111806,-7.45993083 -44.27021972,-7.4719297199999 -44.25321833,-7.48167639 -44.24427417,-7.48678667 -44.23443,-7.47148167 -44.22232722,-7.42743167 -44.22477861,-7.42601944 -44.23650306,-7.41460611 -44.2495161451399,-7.41186661264716 -44.2482841803897,-7.40272469476186 -44.2528480418391,-7.39879080817711 -44.2623922259524,-7.4000418112429 -44.2685525695448,-7.40276576337436 -44.271633025811,-7.40295171280399 -44.270738358663,-7.39598552681017 -44.2613202934866,-7.39280424560405 -44.2703907671146,-7.38693986188963 -44.269945002816,-7.38250703502865 -44.2668696043887,-7.37933621491102 -44.2535454535878,-7.38238947794566 -44.2495746449571,-7.3729759614091 -44.2513002210732,-7.37053668573455 -44.2536572736803,-7.36972656786814 -44.2792740877288,-7.38460256299846 -44.2780735790616,-7.39853009485702 -44.2689386025572,-7.41126445948887 -44.2727391698607,-7.4135815057566 -44.2720942008594,-7.41456636566149 -44.2749089455288,-7.41659706481053 -44.2743817142849,-7.41761830032657 -44.275845053991,-7.42043371110809 -44.2782437925874,-7.42199337039647 -44.2841790210609,-7.4276199849462 -44.2797721816922,-7.42940378803324 -44.2746845712429,-7.42081171255247 -44.2731547806793,-7.41984138844154 -44.2659824347277,-7.41725175421267 -44.2650554804124,-7.41665334919296 -44.26402028,-7.41809 -44.267165,-7.42113694 -44.26632889,-7.42473111 -44.27031139,-7.42726694 -44.27276944,-7.42358583 -44.28396972,-7.43502889 -44.29516861,-7.4293725 -44.29596861,-7.42800306 -44.29664639,-7.42469</coordinates></LineString>
  </Placemark>
  <Placemark>
	<Style><LineStyle><color>ff0000ff</color></LineStyle><PolyStyle><fill>0</fill></PolyStyle></Style>
      <LineString><altitudeMode>clampToGround</altitudeMode><coordinates>-44.39251944,-7.3871636099999 -44.39327167,-7.38588889 -44.39218417,-7.38505944 -44.39492667,-7.382115 -44.39659611,-7.38363556 -44.39783083,-7.38231722 -44.39618472,-7.38076444 -44.39735167,-7.37951278 -44.41082556,-7.39356944 -44.41209389,-7.40819194 -44.41196722,-7.40824806 -44.40439222,-7.39962611 -44.39251944,-7.3871636099999</coordinates></LineString>
  </Placemark>
</Folder>
</Document></kml>
